062600250254
060383000226
036000552966
030772034408
036000570496
060383210533
060383040598
810024400409
810024401857
810024401833
055000213325
065000138207
628619000015
055325003410
068110530183
068700102264
068200962238
068100896060
059600060815
060383030469
068200466125
068200010229
068200465326
068200465319
060383130121
056800617238
056920125460
056800612288
060383061128
060383075200
055773004823
807176714362
806840000381
990312337553
056936907067
055773003208
055773005295
055773005585
070085036225
04710122205097
055000206433
062942002153
062942001767
055773003062
055773003246
056210972125
774310693114
030772031742
062300011834
062300357642
067000107405
060383029524
629071001046
815154025164
067000012341
070847896524
069000161371
098100100911
069000161289
069000161357
06223007526388
060383773038
060383017064
685441011787
066200015916
060383193836
066200002619
066701009667
060383194857
066200020323
722776002957
066701010335
068400001621
060383022471
060383014544
060383022464
060383049973
722776005163
722776005408
060383060046
066200906511
066200904029
066200905545
066200013592
066200004989
068400164647
066200016081
066010070259
060383040185
066200018061
695676002009
066200024208
788821001146
063435703731
058703006317
051131501911
058703336100
021200598463
076350615027
066259043762
066259043779
072799530563
066259043953
057700016497
057800107514
057800107477
057800107484
057800107491
04001686344965
066259044042
066259044035
04001686325025
066259044110
056600793927
057800001904
057800001720
057800001911
055653241102
055653241003
079200181253
057700018538
056600809758
057700227961
057700227954
037600258357
060383780869
065912000326
066701004617
063211232103
060383050870
063211117912
063211117905
063211125627
055270762028
776703731922
062100011300
054900001544
062100002223
067000013676
067000013690
067000013645
067000013874
054900001629
069000162804
067000014086
069000163061
069000163092
062100002100
067000010118
067000107467
067000106682
059531002205
067000104855
067000109836
058496431945
032700154684
055800391810
055577113196
064100230477
065633197572
065633197794
065633220041
059724102200
059724103627
059724104235
060383998639
059800516419
056600793545
056600793644
060383036454
058496456733
058496463649
059800746816
059800750707
058496465957
743434017137
056600810723
059800752466
056600793989
056600794009
059800752596
059800752725
061200018844
059800753227
743434998511
059800754538
068000762304
810074096393
059631823144
059631823151
030772125403
055500402908
059631752277
041387612103
060383003418
025500146263
041953003786
055000210270
068100004137
097339000061
013409918104
058703223318
060383670030
060383778989
060383024840
06291007905342
060383151812
056833000205
064042003481
064042002132
064042002118
064042003429
055653170501
08901719991066
066721029515
063348006875
063348204486
750515018013
014100278092
806840000749
014100283522
055577191309
055577191316
060383897536
060383183813
032700115777
032700148065
032700054458
032700129767
032700120030
18809296880759
623431591024
068400016199
063435711996
060383849429
073390055806
057800983859
060383200961
060383202170
060383020460
063211290257
072613462452
024200094539
060383061500
030772088623
058300476919
806840003931
060383021191
080793793662
065633174788
055577108727
065633231726
069579027672
069579027719
017082707253
017082888860
806840005980
628250924282
628250924602
060383676216
060383641191
060528210008
060528110001
060528011025
060528013029
848860044310
058807415831
058807412694
065912005314
890000001264
068100903973
068100903614
060410054444
060410054420
060410054406
060410057179
806840004679
060410067482
060410067765
060383068202
060410077764
060410081501
060410081495
077975097021
060410081730
060383981785
06921804700269
060383201999
068400420057
725299070915
725299930844
058496459680
058496459567
685441014986
068400003977
068100905656
068100905397
060383062002
064331700305
056600809901
055653434900
055653435006
055653434801
622341709314
066259044264
057174889191
057174024417
057174201306
057174121000
794522002207
057174120720
794522001439
794522730872
794522003679
794522003730
786162650375
055000201360
067000010910
055000209847
055000209816
060383064297
069000161081
069000161067
056100080138
058000008557
062600062987
079400461636
037000545415
037000545439
030772063354
030772063408
030772063422
030772063859
057990063881
065338058802
079400141606
030772159576
030772167687
035000996619
035000993618
079656030440
079656030433
079656030396
073010711396
060383156756
060383172305
877693003058
897581000365
060383195304
039978323750
620133003091
722252217950
10840659001211
687456214313
665081004646
687456224435
057961133094
193908007353
687456218014
602652669798
722252604446
722252195326
842234001091
042272903528
060383888251
060383023768
060383151416
013562134489
084253242417
084253246514
018780010157
060410073636
056500359889
062107005029
036000385311
064642022004
064642067357
